# 
# vegamag
# 
# 
index x_or_RA y_or_Dec niriss_f090w_magnitude niriss_f115w_magnitude niriss_f140m_magnitude niriss_f150w_magnitude niriss_f158m_magnitude niriss_f200w_magnitude niriss_f277w_magnitude niriss_f356w_magnitude niriss_f380m_magnitude niriss_f430m_magnitude niriss_f444w_magnitude niriss_f480m_magnitude 
6   82.8035135  -68.7789252  17.61497  17.19530  16.75080  16.61991  16.48662  16.35619  16.32976  16.27053  16.25977  16.27256  16.29095  16.33133 
7   82.7977417  -68.7771594  17.84543  17.55473  17.23081  17.14882  17.06365  16.98520  16.95498  16.93723  16.93719  16.93841  16.94607  16.96342 
8   82.7967823  -68.7802900  18.90739  18.66117  18.38444  18.31787  18.24827  18.18482  18.15548  18.14566  18.14729  18.14587  18.15058  18.16173 
9   82.7847471  -68.7782076  19.17065  19.03648  18.88335  18.85033  18.81524  18.78381  18.76205  18.76059  18.76254  18.75799  18.75785  18.75873 
10  82.78470990  -68.78307991  19.02415  18.83770  18.62670  18.57908  18.52884  18.48332  18.45699  18.45334  18.45574  18.45199  18.45362  18.45828 
11  82.89887177  -68.75939322  17.97571  17.67235  17.33545  17.24889  17.15915  17.07616  17.04589  17.02532  17.02461  17.02671  17.03530  17.05461 
12  82.81405056  -68.76977747  18.76119  18.67126  18.56576  18.54354  18.51974  18.49970  18.48336  18.48250  18.48350  18.47928  18.47831  18.47741 
13  82.74236471  -68.74422061  15.98476  15.71565  15.41439  15.34001  15.26250  15.19153  15.16159  15.14808  15.14897  15.14882  15.15499  15.16919 
14  82.86494082  -68.82678660  15.83033  15.48231  15.10137  14.99820  14.89199  14.79193  14.76223  14.72950  14.72578  14.73143  14.74356  14.77038 
15  82.76372365  -68.77568585  19.22256  19.08411  18.92630  18.89216  18.85590  18.82335  18.80115  18.79959  18.80161  18.79708  18.79705  18.79817 
100  82.74487193  -68.78841417  17.61497  17.19530  16.75080  16.61991  16.48662  16.35619  16.32976  16.27053  16.25977  16.27256  16.29095  16.33133 
101  82.74528081  -68.79706061  17.61497  17.19530  16.75080  16.61991  16.48662  16.35619  16.32976  16.27053  16.25977  16.27256  16.29095  16.33133 
102  82.74549915  -68.79157048  17.61497  17.19530  16.75080  16.61991  16.48662  16.35619  16.32976  16.27053  16.25977  16.27256  16.29095  16.33133 
